0	2
0	0	0	-1
1	0	1	0
2	0	2	-1
3	0	3	1
4	0	4	-1
5	0	5	2
6	0	6	-1
7	0	7	3
8	1	0	4
9	1	1	-1
10	1	2	10
11	1	3	-1
12	1	4	6
13	1	5	-1
14	1	6	7
15	1	7	-1
16	2	0	-1
17	2	1	-1
18	2	2	-1
19	2	3	-1
20	2	4	-1
21	2	5	-1
22	2	6	-1
23	2	7	11
24	3	0	8
25	3	1	-1
26	3	2	-1
27	3	3	-1
28	3	4	-1
29	3	5	-1
30	3	6	-1
31	3	7	-1
32	4	0	-1
33	4	1	-1
34	4	2	-1
35	4	3	-1
36	4	4	-1
37	4	5	-1
38	4	6	-1
39	4	7	-1
40	5	0	-1
41	5	1	-1
42	5	2	13
43	5	3	-1
44	5	4	-1
45	5	5	-1
46	5	6	15
47	5	7	-1
48	6	0	-1
49	6	1	16
50	6	2	-1
51	6	3	-1
52	6	4	-1
53	6	5	18
54	6	6	-1
55	6	7	19
56	7	0	20
57	7	1	-1
58	7	2	21
59	7	3	-1
60	7	4	22
61	7	5	-1
62	7	6	23
63	7	7	-1
1	0	0	1	1	1
1	1	0	1	3	1
1	2	0	1	5	1
1	3	0	1	7	1
1	4	0	1	8	1
0	5	0	1	-1	1
1	6	0	1	12	1
1	7	0	1	14	1
1	8	0	1	24	1
0	9	0	1	-1	1
1	10	0	1	10	1
1	11	0	1	23	1
0	12	0	2	-1	1
1	13	0	2	42	1
0	14	0	2	-1	2
1	15	0	2	46	1
1	16	0	2	49	1
0	17	0	2	-1	2
1	18	0	2	53	1
1	19	0	2	55	1
1	20	0	2	56	1
1	21	0	2	58	1
1	22	0	2	60	1
1	23	0	2	62	1
